78 -54 57 -128 -73 0 -69 -13 -29 -43 -63 14 -68 60 70 -42
-13 75 -68 42 48 0 77 -120 28 37 -39 15 -128 -80 -88 39
-2 36 18 -104 78 0 28 -67 20 84 29 -128 38 41 35 -90
-66 17 86 -23 -50 0 -1 -72 -127 86 90 4 -35 52 29 46
-37 -46 -128 40 44 0 -58 38 -66 -123 -36 -4 74 -60 26 51
4 -128 -10 70 -32 0 -74 -66 21 -40 83 70 -31 32 -4 -17
-36 -7 -46 51 77 0 7 18 10 -104 -128 -92 -44 17 65 -96
69 75 -108 -128 13 0 80 32 -32 24 -6 65 40 -100 -89 -56
-78 -7 121 -7 -14 0 -81 54 65 -21 32 -128 35 -61 -35 20
3 -38 -66 9 -121 0 35 52 -128 -40 6 -65 41 1 -2 97
